40 60
15 18 12 19 7 3 11 19 15 9 3 1 18 2 8 7 19 5 13 16 1 9 15 2 8 13 20 19 17 3 15 8 15 17 15 16 12 5 11 8 4 21 5 4 10 15 20 10 3 19 18 1 17 16 14 11 21 13 20 19 
6 2 2 11 6 15 21 18 3 2 11 17 3 6 21 19 9 19 21 17 16 21 6 2 19 1 20 5 11 1 7 11 15 6 13 8 15 19 13 3 3 8 15 8 2 7 16 3 16 20 20 14 8 16 11 18 7 10 20 19 
18 18 7 10 8 2 7 15 5 3 19 2 16 8 12 21 17 15 11 10 1 11 3 17 1 17 13 8 21 9 21 11 4 16 2 7 15 12 7 15 16 20 11 3 7 9 19 19 17 16 20 3 11 16 17 7 12 15 18 5 
13 17 4 15 18 3 21 21 19 21 2 19 8 16 8 3 10 9 10 8 8 16 13 5 14 12 1 16 21 13 10 15 8 14 3 8 19 17 9 5 11 6 6 3 15 17 9 6 16 10 18 1 14 18 2 11 5 21 3 14 
20 7 6 15 5 14 17 18 13 14 21 21 14 18 6 16 12 9 3 21 5 20 19 12 7 16 12 16 13 6 18 1 21 15 5 8 5 11 12 2 9 4 21 6 15 4 2 3 21 17 17 5 3 10 18 21 17 4 15 11 
8 21 1 5 9 3 3 5 2 3 7 16 18 3 15 7 8 11 9 3 3 3 10 11 6 4 14 10 10 11 8 3 20 7 8 4 2 7 18 13 11 19 14 16 7 18 4 13 6 13 9 19 3 16 1 4 11 1 11 4 
19 20 3 6 10 21 15 5 5 12 21 19 21 8 17 21 3 9 14 14 12 15 13 6 5 3 17 5 4 9 17 3 19 5 1 9 8 3 18 10 20 5 7 10 15 15 21 7 6 15 18 2 14 12 2 2 21 8 9 18 
11 4 19 18 2 13 16 4 14 21 7 4 19 3 4 11 12 5 4 8 12 14 17 18 2 17 15 6 19 13 2 12 10 19 6 2 16 6 20 10 13 15 4 4 20 14 12 18 12 8 13 10 15 17 12 18 14 3 21 19 
14 5 17 6 21 9 14 14 11 2 15 11 15 18 14 16 5 11 19 6 18 10 14 14 5 4 5 3 4 20 11 11 11 17 8 20 9 6 1 6 9 9 19 6 7 17 21 13 18 19 4 9 2 15 19 3 21 1 9 8 
13 3 17 9 9 9 14 11 21 19 11 14 9 6 21 8 7 14 20 4 14 2 3 15 12 10 17 15 7 15 5 4 16 2 18 17 7 19 17 6 7 6 17 4 13 2 2 19 8 16 16 17 16 9 14 17 11 1 2 15 
5 18 19 11 17 3 1 7 18 1 7 7 13 21 5 4 2 4 6 9 19 2 21 11 12 15 5 1 14 20 11 2 4 8 2 5 12 17 11 19 2 10 18 6 6 18 4 13 20 10 11 7 1 12 4 8 13 13 16 10 
19 14 15 12 13 15 5 2 7 5 21 12 18 13 21 4 10 6 21 9 1 21 12 19 17 18 7 17 1 13 8 20 21 20 18 17 2 4 4 7 11 16 20 7 6 15 2 9 21 20 5 13 7 16 7 14 18 21 15 10 
8 17 17 16 4 2 14 12 16 3 16 12 17 20 9 1 8 6 10 1 15 1 2 3 1 3 1 10 4 11 2 16 9 21 9 11 17 14 10 2 12 11 6 6 3 5 7 5 16 8 11 9 1 13 3 9 11 6 14 16 
9 18 14 2 6 18 13 8 6 3 7 15 9 17 21 21 8 15 13 3 16 19 2 17 18 10 10 15 16 2 17 16 2 11 8 2 10 8 3 12 18 18 18 10 14 16 10 20 13 16 7 6 19 21 20 17 9 5 6 12 
17 8 21 16 15 21 10 9 6 5 3 4 16 18 3 11 10 13 1 21 9 9 1 20 10 2 4 10 7 5 9 9 20 7 6 17 14 4 21 9 11 20 13 15 6 10 15 15 11 9 12 4 19 3 19 1 9 20 13 1 
14 3 14 4 2 21 8 20 3 17 2 2 3 17 1 8 10 13 12 4 20 19 3 16 12 9 6 19 16 17 7 10 8 5 4 8 7 16 17 4 8 20 13 16 7 8 11 5 6 5 7 21 7 9 5 4 19 16 13 2 
8 5 2 20 8 17 8 7 21 1 17 4 19 18 12 12 6 14 14 17 6 15 6 19 3 6 20 2 14 12 5 1 2 10 20 3 16 2 3 12 2 5 21 4 14 12 17 9 7 6 1 13 6 20 2 7 19 17 17 13 
16 7 9 10 1 4 16 9 6 3 14 6 19 16 5 8 21 6 16 7 21 20 13 18 10 7 8 9 1 3 2 15 18 6 10 18 5 11 3 18 7 7 5 20 7 4 14 10 1 9 1 21 18 7 15 21 12 15 10 7 
11 5 15 2 6 2 13 16 4 13 21 3 18 13 8 13 4 15 4 18 19 5 9 16 7 7 7 7 17 19 12 12 18 18 19 1 12 11 7 10 20 17 16 18 8 14 3 18 2 2 4 15 15 13 4 21 8 15 17 10 
20 12 11 19 7 10 4 13 17 12 1 6 13 9 19 18 11 19 17 4 17 19 20 5 5 5 3 19 10 13 21 6 7 9 15 12 16 8 16 18 19 10 3 1 8 16 12 15 6 21 3 13 16 6 15 14 15 6 12 2 
9 12 17 18 2 5 15 18 20 20 14 16 15 18 3 11 14 5 6 21 16 14 3 15 4 4 17 3 15 15 7 18 11 16 3 18 10 12 15 1 7 15 3 13 7 1 4 2 15 3 11 2 7 8 15 1 21 16 21 21 
2 12 8 4 3 17 3 16 3 5 2 1 14 16 4 19 10 17 16 1 13 11 4 8 19 10 10 12 18 20 11 16 15 9 10 19 18 11 16 4 20 11 11 16 4 19 18 21 15 14 1 15 13 14 20 21 17 18 12 8 
14 8 2 18 16 17 7 13 20 14 11 4 15 13 15 4 3 15 20 20 3 3 12 7 17 11 7 7 1 5 10 6 3 16 10 15 1 16 17 5 11 11 19 19 5 10 19 20 1 16 21 14 18 12 7 1 16 14 9 17 
18 10 15 9 19 16 2 17 1 12 17 16 20 14 17 10 9 7 17 13 9 13 7 2 11 16 4 9 14 1 10 15 18 5 20 21 12 4 17 17 11 7 9 9 18 1 20 7 4 11 21 10 9 19 3 16 18 6 17 7 
21 5 1 11 13 12 12 19 16 10 5 11 14 14 5 14 15 5 20 14 9 16 9 8 2 14 6 21 8 17 3 20 10 2 6 11 20 14 17 14 6 1 17 10 14 5 1 21 10 16 8 20 20 20 10 3 6 14 19 3 
10 1 11 10 2 5 14 19 16 16 17 8 21 17 19 12 7 13 9 19 4 18 12 21 19 7 7 3 16 13 12 20 6 14 12 12 21 2 8 8 11 12 19 19 4 17 3 4 18 14 6 19 14 17 1 21 7 6 20 20 
1 18 10 1 1 5 4 6 14 9 18 9 2 10 19 13 5 7 12 18 7 19 1 6 13 2 2 5 11 9 20 10 1 10 20 5 12 10 13 2 7 9 7 7 21 14 2 19 4 12 4 1 12 18 20 16 9 13 21 1 
4 21 21 14 7 16 7 1 20 3 15 4 14 21 8 14 14 5 2 12 10 19 7 14 20 10 19 19 13 11 20 16 1 14 13 1 20 18 21 14 11 9 4 16 12 15 6 2 18 3 20 10 4 8 13 13 7 2 12 3 
4 14 1 1 18 13 8 11 15 20 19 4 13 8 15 10 4 6 5 21 17 8 1 7 18 2 8 16 8 6 4 8 11 3 15 19 18 21 17 17 12 3 16 5 1 13 4 17 18 6 14 6 16 13 7 15 20 6 12 20 
9 8 7 14 7 7 11 10 12 6 13 15 2 12 5 19 16 1 2 13 21 13 6 16 5 17 17 8 21 9 13 13 4 14 13 20 21 10 10 3 10 17 7 4 11 13 10 20 13 20 16 2 4 12 3 1 8 17 17 18 
10 21 6 15 6 15 6 18 3 15 11 2 15 3 7 9 6 13 18 9 7 18 3 8 11 13 11 5 11 19 15 10 5 7 10 8 6 7 16 2 19 5 5 17 7 13 11 12 4 3 1 21 2 3 9 7 15 3 5 11 
19 7 14 2 2 11 19 2 11 13 2 10 3 12 11 17 6 4 10 19 20 9 13 10 8 20 3 1 20 10 13 5 17 16 6 2 8 21 6 15 15 11 19 9 5 12 4 9 5 12 10 10 4 4 15 18 11 9 3 2 
16 6 19 10 3 3 18 1 9 18 7 1 14 19 16 6 6 13 16 11 7 6 2 1 11 16 10 13 14 13 20 11 21 11 18 21 7 19 1 15 13 11 8 15 6 20 5 8 14 16 2 12 8 18 2 6 13 9 16 6 
10 18 9 4 21 21 8 5 19 14 6 2 20 10 14 5 19 1 3 12 18 3 18 18 20 7 17 5 9 7 15 8 3 19 17 21 6 14 13 9 12 14 14 21 20 1 5 7 3 5 7 2 10 15 5 19 20 21 7 7 
1 16 18 18 1 13 5 21 8 10 6 10 12 10 5 11 6 12 18 17 10 19 9 20 11 14 2 10 8 14 20 4 11 11 19 6 11 10 10 12 16 1 9 4 1 8 9 11 12 18 15 9 8 6 16 16 11 11 5 17 
16 5 16 5 3 14 19 11 21 17 10 20 14 4 16 20 8 16 6 13 21 14 11 8 7 16 15 7 11 14 12 2 5 18 11 18 4 9 5 14 8 4 15 10 2 7 8 9 13 21 3 17 3 1 9 18 6 7 3 4 
13 5 15 18 17 10 10 21 19 3 17 4 3 3 5 21 11 3 13 19 16 20 1 10 19 10 9 8 10 18 2 11 18 7 9 12 17 15 6 19 8 10 10 14 21 12 1 13 12 20 16 4 7 16 10 18 19 12 10 2 
7 9 21 9 1 9 17 4 3 21 18 8 11 2 17 11 15 16 3 14 3 10 19 1 8 13 2 21 11 7 9 11 8 7 4 16 12 12 6 21 9 8 7 9 19 17 20 4 8 5 8 20 9 14 9 16 10 2 8 10 
18 15 9 12 10 18 17 19 21 1 19 1 7 7 3 17 9 4 10 20 6 16 4 2 13 17 2 15 3 21 11 6 5 13 11 5 19 9 10 9 15 17 3 2 15 17 11 5 19 10 1 21 17 8 1 13 7 17 5 2 
5 2 20 1 1 14 18 10 8 5 10 12 10 9 14 13 9 11 1 19 12 11 18 21 8 12 14 16 3 13 7 13 12 9 20 19 7 3 6 14 6 4 13 8 15 21 3 14 6 2 6 5 8 2 4 20 16 1 7 6 
7 15 9 4 12 12 2 6 13 29 13 16 31 2 13 7 30 7 29 8 20 4 11 9 23 1 11 19 8 20 25 25 21 25 28 8 6 4 15 8 20 25 18 26 11 9 7 13 28 21 31 14 18 22 2 18 31 6 13 11 